k: 0
48	323	322	316	315	314	301	300	281	280	161	160	153	152	144	128	127	126	125	105	101	89	88	85	84	77	76	59	58	57	56	55	54	52	50	49	48	47	24	15	
k: 1
166	317	313	312	307	306	305	304	297	296	279	278	273	272	267	257	256	251	250	249	243	242	241	240	236	235	234	231	230	227	226	223	219	218	207	206	203	202	201	200	199	198	191	190	189	188	187	186	181	175	174	167	166	163	162	149	148	147	146	145	143	142	131	124	123	122	121	120	113	112	111	110	103	102	100	97	96	95	94	81	80	72	71	65	64	63	62	61	60	53	46	41	40	35	34	31	30	29	28	27	25	21	17	16	
k: 2
270	325	324	293	292	291	290	285	284	277	276	275	274	271	270	269	268	265	264	261	260	255	254	245	244	233	232	225	221	220	217	216	215	214	213	212	211	210	209	208	193	192	185	184	178	171	170	157	156	155	154	141	140	139	138	135	134	119	118	117	116	109	108	99	98	93	92	83	82	79	78	51	44	23	22	8	5	4	3	
k: 3
303	321	320	303	302	299	298	289	288	287	286	263	262	229	228	224	222	197	196	176	151	69	68	45	33	32	20	19	18	13	12	11	
k: 4
282	319	318	311	310	309	308	295	294	283	282	266	259	258	253	252	248	247	246	239	238	237	205	204	195	194	183	182	180	179	177	173	172	169	168	165	164	159	158	150	137	136	133	132	130	129	115	114	107	106	104	91	90	87	86	75	74	73	70	67	66	43	42	39	38	37	36	26	7	6	1	
